146572
1140193
1141380
1134355
1118059
1143585
1172647
1204342
1193651
1218328
1188900
1203663
1247587
1272777
1238852
1308653
1329625
1284214
1333665
1333556
1346594
1490978
1536289
1449108
1499343
1480334
1476245
1455024
1368457
1607270
1199996
911535
953915
958755
939650
990839
1014800
1102654
1144595
1165877
1125739
1124610
1089427
1085043
1064543
1090483
1123886
1120117
1167006
1229570
1216535
1175018
1265996
1245069
1269752
1270456
1274977
1328949
1338906
1320473
1341882
1342362
1359897
1408751
1408668
1380709
1386603
1449459
1365656
1228256
1315205
1174296
1281306
1579041
1557683
1575809
1581232
1583881
1604162
1636365
1610815
1660401
1727014
1718273
1547554
1284722
874928
636496
522875
863252
958906
1155361
1201423
1225320
1379820
1420595
1339112
986002
1050272
947424
1044390
1311092
1606414
1644483
1448892
1345886
1018949
735691
699426
680911
650204
741242
813479
795968
825136
663479
633611
662606
825718
942558
1007235
997724
988377
975636
926968
846240
862579
860357
841873
828561
890477
891716
675508
1001763
1002456
1052628
1148735
1120996
1031914
862293
885330
826892
879201
851883
885684
950365
984337
978851
989632
973706
992169
1049165
970900
1056241
1116055
1228715
1241374
1220240
1066611
1051950
1016562
1028785
1048563
1094733
1042814
1078324
1078292
1066485
1076724
1078094
1090289
1131510
1132342
1129021
1258563
1279772
1282698
1298003
1238488
1232687
1232989
1226151
1280101
1319644
1355644
1281182
1317386
1014547
922408
1083646
1047473
1276925
1445015
1438496
1514775
704673
574450
669854
535427
538691
560325
579172
609145
568533
575556
599698
608165
699932
765306
900898
821483
840940
873851
889581
876646
886892
901579
1058621
1093471
1148524
1103450
962979
969526
1093382
1168973
1138930
1212726
1196065
1180046
1201782
1214892
1262152
1224399
1259476
1304505
1301241
1137160
922603
1081325
1294194
1140288
755457
748124
603889
640135
869810
681166
707465
714767
742634
754980
791302
809917
816556
802757
817900
821100
833162
912019
923119
941279
945851
947682
867499
928366
937811
1020637
1114118
1071550
1016731
907195
811897
934696
869801
791171
802245
814476
837842
834939
996783
1119942
1186533
1111630
983197
930956
1078360
984976
966363
1016433
1024113
984801
1030545
1057678
1048361
1095263
1109482
1100409
1139292
1207702
1220502
1235159
1249389
1249200
1250820
1345661
1362614
1343104
1366502
1413947
1435092
1416890
1422365
1500920
1572511
1607352
1662106
1656665
1528060
1473888
1265688
1238765
1263808
1205495
970259
984081
984305
969075
920602
684988
999602
1101044
1128386
1146113
1187928
1199579
1193485
921553
1271675
1124135
1018774
904914
864694
977695
953199
923622
1100100
1101298
836062
668674
619970
794334
1060471
1004256
1126879
991040
1034821
1181796
1279468
1193828
1310511
1286854
1328187
1291342
1385065
1425539
1428273
1487872
1406251
1331005
1260550
1142316
1030732
1036328
916730
1026427
985879
942381
1026157
829931
945769
1050269
1122794
644100
491757
479919
468009
561177
603091
590258
598692
647468
627154
671190
700392
796934
973831
778669
966552
984456
987846
1101076
1107992
1098566
1160561
1148961
1109462
1017723
940859
967761
1102706
1267143
1309850
1239847
1158412
1210377
1146991
981863
1001975
1105439
1091363
1083333
1116722
1150699
1167509
930585
920693
841568
826831
800846
878862
848918
842847
878132
877982
808133
878611
863495
829605
894266
881517
867675
846132
903229
957555
996901
989578
1070179
1104941
1114964
1091675
1169406
1224653
1137557
1159663
1145914
1145062
1075076
986924
896347
818451
871658
987080
1075824
1029737
985178
1389659
1379291
1359023
1384027
1382939
1379046
1387371
1401793
1244153
825290
546948
899218
949979
1332179
781567
750345
789183
800191
807811
828427
904647
931369
978270
976486
918893
947167
936497
949262
945294
929265
944494
943342
983740
1023728
1072266
